0
1
3
6
2
7
13
20
12
21
11
22
10
23
9
24
8
25
43
62
42
63
41
18
42
17
43
16
44
15
45
14
46
79
113
78
114
77
39
78
38
79
37
80
36
81
35
82
34
83
33
84
32
85
31
86
30
87
29
88
28
89
27
90
26
91
157
224
156
225
155
226
154
227
153
228
152
75
153
74
154
73
155
72
156
71
157
70
158
69
159
68
160
67
161
66
162
65
163
64
164
265
367
264
368
263
369
262
370
261
151
40
152
265
379
494
378
495
377
258
138
259
137
260
136
261
135
262
134
5
135
4
136
269
403
268
132
269
131
270
130
271
129
272
128
273
127
274
126
275
125
276
124
277
123
278
122
279
121
280
120
281
119
282
118
283
117
284
116
285
115
286
458
631
457
632
456
633
455
634
454
635
453
636
452
267
453
266
454
643
833
642
450
257
451
256
60
257
59
258
58
259
57
260
56
261
55
262
54
263
53
264
52
265
51
266
50
267
49
268
48
269
47
270
494
719
493
720
492
721
491
722
490
723
489
254
490
253
491
252
492
251
493
250
494
249
495
248
496
247
497
246
498
245
499
244
500
243
501
242
502
241
503
240
504
239
505
238
506
237
507
236
508
235
509
234
510
233
511
232
512
231
513
230
514
229
515
802
1090
801
1091
800
1092
799
1093
798
1094
797
1095
796
1096
795
1097
794
1098
793
487
180
488
179
489
178
490
177
491
176
492
175
493
174
494
173
495
172
496
171
497
170
498
169
499
168
500
167
501
166
502
165
503
842
1182
841
1183
840
1184
839
1185
838
1186
837
1187
836
484
837
483
838
482
839
481
840
480
841
479
842
478
843
477
110
478
109
479
108
480
107
481
106
482
105
483
104
484
103
485
102
486
101
487
100
488
99
489
98
490
97
491
96
492
95
493
94
494
93
495
92
496
901
1307
900
1308
899
1309
898
1310
897
1311
896
1312
895
1313
894
474
895
473
896
472
897
471
898
470
899
469
900
468
901
467
902
466
903
465
904
464
905
463
906
462
907
461
908
460
909
459
910
1362
1815
1361
1816
1360
1817
1359
1818
1358
1819
1357
1820
1356
891
425
892
424
893
423
894
422
895
421
896
420
897
419
898
418
899
417
900
416
901
415
902
414
903
413
904
412
905
411
906
410
907
409
908
408
909
407
910
406
911
405
912
404
913
1423
1934
1422
1935
1421
1936
1420
1937
1419
1938
1418
1939
1417
1940
1416
1941
1415
888
360
889
359
890
358
891
357
892
356
893
355
894
354
895
353
896
352
897
351
898
350
899
349
900
348
901
347
902
346
903
345
904
344
905
343
906
342
907
341
908
340
909
339
910
338
911
337
912
336
913
335
914
334
915
333
916
332
917
331
918
330
919
329
920
328
921
327
922
326
923
325
924
324
925
323
926
322
927
321
928
320
929
319
930
318
931
317
932
316
933
315
934
314
935
313
936
312
937
311
938
310
939
309
940
308
941
307
942
306
943
305
944
304
945
303
946
302
947
301
948
300
949
299
950
298
951
297
952
296
953
295
954
294
955
293
956
292
957
291
958
290
959
289
960
288
961
287
962
1638
2315
1637
2316
1636
2317
1635
2318
1634
2319
1633
2320
1632
2321
1631
2322
1630
2323
1629
2324
1628
2325
1627
2326
1626
2327
1625
2328
1624
2329
1623
2330
1622
2331
1621
2332
1620
2333
1619
2334
1618
2335
1617
2336
1616
2337
1615
2338
1614
2339
1613
886
1614
885
1615
884
1616
883
149
884
148
885
147
886
146
887
145
888
144
889
143
890
142
891
141
892
140
893
139
894
1650
2407
1649
2408
1648
2409
1647
2410
1646
881
1647
880
112
881
111
882
1654
2427
1653
878
1654
877
1655
876
1656
875
1657
874
1658
873
1659
872
1660
871
1661
870
1662
869
1663
868
1664
867
1665
866
1666
865
1667
864
1668
863
1669
862
1670
861
1671
860
1672
859
1673
858
1674
857
1675
856
1676
855
1677
854
1678
853
1679
852
1680
851
1681
850
1682
849
1683
848
1684
847
1685
846
1686
845
1687
844
1688
2533
3379
2532
3380
2531
3381
2530
3382
2529
3383
2528
3384
2527
3385
2526
3386
2525
3387
2524
3388
2523
3389
2522
3390
2521
1651
780
1652
779
1653
778
1654
777
1655
776
1656
775
1657
774
1658
773
1659
772
1660
771
1661
770
1662
769
1663
768
1664
767
1665
766
1666
765
1667
764
1668
763
1669
762
1670
761
1671
760
1672
759
1673
758
1674
757
1675
756
1676
755
1677
754
1678
753
1679
752
1680
751
1681
750
1682
749
1683
748
1684
747
1685
746
1686
745
1687
744
1688
743
1689
742
1690
741
1691
740
1692
739
1693
738
1694
737
1695
736
1696
735
1697
734
1698
733
1699
732
1700
731
1701
730
1702
729
1703
728
1704
727
1705
726
1706
725
1707
724
1708
2693
3679
2692
3680
2691
3681
2690
3682
2689
3683
2688
3684
2687
3685
2686
3686
2685
3687
2684
3688
2683
3689
2682
3690
2681
3691
2680
3692
2679
3693
2678
3694
2677
3695
2676
3696
2675
3697
2674
3698
2673
3699
2672
1644
615
1645
614
1646
613
1647
612
1648
611
1649
610
1650
609
1651
608
1652
607
1653
606
1654
605
1655
604
1656
603
1657
602
1658
601
1659
600
1660
599
1661
598
1662
597
1663
596
1664
595
1665
594
1666
593
1667
592
1668
591
1669
590
1670
589
1671
588
1672
587
1673
586
1674
585
1675
584
1676
583
1677
582
1678
581
1679
580
1680
579
1681
578
1682
577
1683
576
1684
575
1685
574
1686
573
1687
572
1688
571
1689
570
1690
569
1691
568
1692
567
1693
566
1694
565
1695
564
1696
563
1697
562
1698
561
1699
560
1700
559
1701
558
1702
557
1703
556
1704
555
1705
554
1706
553
1707
552
1708
551
1709
550
1710
549
1711
548
1712
547
1713
546
1714
545
1715
544
1716
543
1717
542
1718
541
1719
540
1720
539
1721
538
1722
537
1723
536
1724
535
1725
534
1726
533
1727
532
1728
531
1729
530
1730
529
1731
528
1732
527
1733
526
1734
525
1735
524
1736
523
1737
522
1738
521
1739
520
1740
519
1741
518
1742
517
1743
516
1744
2973
4203
2972
4204
2971
4205
2970
4206
2969
4207
2968
4208
2967
4209
2966
4210
2965
4211
2964
4212
2963
4213
2962
4214
2961
4215
2960
4216
2959
4217
2958
4218
2957
4219
2956
4220
2955
4221
2954
4222
2953
4223
2952
4224
2951
4225
2950
4226
2949
4227
2948
4228
2947
4229
2946
4230
2945
4231
2944
4232
2943
4233
2942
4234
2941
4235
2940
4236
2939
1641
2940
1640
2941
1639
2942
4246
5551
4245
2938
4246
2937
4247
2936
4248
2935
4249
2934
4250
2933
4251
2932
1612
2933
1611
2934
1610
2935
1609
2936
1608
2937
1607
2938
1606
2939
1605
2940
1604
2941
1603
2942
1602
2943
1601
2944
1600
255
1601
2948
4296
5645
4295
5646
4294
5647
4293
5648
4292
5649
4291
5650
4290
2929
1567
204
1568
203
1569
202
1570
201
1571
200
1572
199
1573
198
1574
197
1575
196
1576
195
1577
194
1578
193
1579
192
1580
191
1581
190
1582
189
1583
188
1584
187
1585
186
1586
185
1587
184
1588
183
1589
182
1590
181
1591
3002
4414
3001
4415
3000
4416
2999
4417
2998
4418
2997
4419
2996
4420
2995
4421
2994
1566
2995
1565
2996
1564
2997
1563
2998
1562
2999
1561
3000
1560
3001
1559
3002
1558
3003
1557
3004
1556
3005
1555
3006
1554
3007
1553
3008
1552
3009
1551
3010
1550
3011
1549
3012
1548
3013
1547
3014
1546
3015
1545
3016
1544
3017
1543
3018
1542
3019
1541
3020
1540
3021
1539
3022
1538
3023
1537
3024
1536
3025
1535
3026
1534
3027
1533
3028
1532
3029
1531
3030
1530
3031
1529
3032
1528
3033
1527
3034
1526
3035
1525
3036
1524
3037
1523
3038
1522
3039
1521
3040
1520
3041
1519
3042
1518
3043
1517
3044
1516
3045
1515
3046
1514
3047
1513
3048
1512
3049
1511
3050
1510
3051
1509
3052
1508
3053
1507
3054
1506
3055
1505
3056
1504
3057
1503
3058
1502
3059
1501
3060
1500
3061
1499
3062
1498
3063
1497
3064
1496
3065
1495
3066
1494
3067
1493
3068
1492
3069
1491
3070
1490
3071
1489
3072
1488
3073
1487
3074
1486
3075
1485
3076
1484
3077
1483
3078
1482
3079
1481
3080
1480
3081
1479
3082
1478
3083
1477
3084
1476
3085
1475
3086
1474
3087
1473
3088
1472
3089
1471
3090
1470
3091
1469
3092
1468
3093
1467
3094
1466
3095
1465
3096
1464
3097
1463
3098
1462
3099
1461
3100
1460
3101
1459
3102
1458
3103
1457
3104
1456
3105
1455
3106
1454
3107
1453
3108
1452
3109
1451
3110
1450
3111
1449
3112
1448
3113
1447
3114
1446
3115
1445
3116
1444
3117
1443
3118
1442
3119
1441
3120
1440
3121
1439
3122
1438
3123
1437
3124
1436
3125
1435
3126
1434
3127
1433
3128
1432
3129
1431
3130
1430
3131
1429
3132
1428
3133
1427
3134
1426
3135
1425
3136
1424
3137
4851
6566
4850
6567
4849
6568
4848
6569
4847
6570
4846
6571
4845
6572
4844
6573
4843
6574
4842
6575
4841
6576
4840
6577
4839
6578
4838
6579
4837
6580
4836
6581
4835
6582
4834
6583
4833
6584
4832
6585
4831
6586
4830
6587
4829
6588
4828
6589
4827
6590
4826
6591
4825
6592
4824
6593
4823
6594
4822
6595
4821
6596
4820
6597
4819
6598
4818
6599
4817
6600
4816
6601
4815
6602
4814
6603
4813
6604
4812
6605
4811
6606
4810
6607
4809
6608
4808
6609
4807
6610
4806
6611
4805
6612
4804
6613
4803
2992
1180
2993
1179
2994
1178
2995
1177
2996
1176
2997
1175
2998
1174
2999
1173
3000
1172
3001
1171
3002
1170
3003
1169
3004
1168
3005
1167
3006
1166
3007
1165
3008
1164
3009
1163
3010
1162
3011
1161
3012
1160
3013
1159
3014
1158
3015
1157
3016
1156
3017
1155
3018
1154
3019
1153
3020
1152
3021
1151
3022
1150
3023
1149
3024
1148
3025
1147
3026
1146
3027
1145
3028
1144
3029
1143
3030
1142
3031
1141
3032
1140
3033
1139
3034
1138
3035
1137
3036
1136
3037
1135
3038
1134
3039
1133
3040
1132
3041
1131
3042
1130
3043
1129
3044
1128
3045
1127
3046
1126
3047
1125
3048
1124
3049
1123
3050
1122
3051
1121
3052
1120
3053
1119
3054
1118
3055
1117
3056
1116
3057
1115
3058
1114
3059
1113
3060
1112
3061
1111
3062
1110
3063
1109
3064
1108
3065
1107
3066
1106
3067
1105
3068
1104
3069
1103
3070
1102
3071
1101
3072
1100
3073
1099
3074
5050
7027
5049
7028
5048
7029
5047
7030
5046
7031
5045
7032
5044
7033
5043
7034
5042
7035
5041
7036
5040
7037
5039
7038
5038
7039
5037
7040
5036
7041
5035
7042
5034
7043
5033
7044
5032
7045
5031
7046
5030
7047
5029
7048
5028
7049
5027
7050
5026
7051
5025
7052
5024
7053
5023
7054
5022
2989
5023
2988
5024
2987
5025
2986
5026
2985
5027
2984
5028
2983
5029
2982
5030
2981
5031
2980
5032
2979
5033
2978
5034
2977
5035
2976
5036
2975
5037
2974
5038
7103
9169
7102
9170
7101
9171
7100
9172
7099
9173
7098
9174
7097
5019
7098
5018
7099
5017
7100
5016
2931
5017
2930
5018
7107
9197
7106
5014
2921
827
2922
826
2923
825
2924
824
2925
823
2926
822
2927
821
2928
820
2929
819
2930
818
2931
817
2932
816
2933
815
2934
814
2935
813
2936
812
2937
811
2938
810
2939
809
2940
808
2941
807
2942
806
2943
805
2944
804
2945
803
2946
5090
7235
5089
7236
5088
7237
5087
7238
5086
7239
5085
7240
5084
7241
5083
7242
5082
7243
5081
2918
5082
2917
5083
2916
5084
2915
5085
2914
5086
2913
5087
2912
5088
2911
5089
2910
5090
2909
5091
2908
5092
2907
5093
2906
718
2907
717
2908
716
2909
715
2910
714
2911
713
2912
712
2913
711
2914
710
2915
709
2916
708
2917
707
2918
706
2919
705
2920
704
2921
703
2922
702
2923
701
2924
700
2925
699
2926
698
2927
697
2928
696
2929
695
2930
694
2931
693
2932
692
2933
691
2934
690
2935
689
2936
688
2937
687
2938
686
2939
685
2940
684
2941
683
2942
682
2943
681
2944
680
2945
679
2946
678
2947
677
2948
676
2949
675
2950
674
2951
673
2952
672
2953
671
2954
670
2955
669
2956
668
2957
667
2958
666
2959
665
2960
664
2961
663
2962
662
2963
661
2964
660
2965
659
2966
658
2967
657
2968
656
2969
655
2970
654
2971
653
2972
652
2973
651
2974
650
2975
649
2976
648
2977
647
2978
646
2979
645
2980
644
2981
5319
7658
5318
7659
5317
7660
5316
7661
5315
7662
5314
7663
5313
7664
5312
7665
5311
7666
5310
7667
5309
7668
5308
7669
5307
7670
5306
7671
5305
7672
5304
7673
5303
7674
5302
7675
5301
7676
5300
7677
5299
7678
5298
7679
5297
7680
5296
7681
5295
7682
5294
2905
5295
2904
5296
2903
5297
2902
5298
2901
5299
2900
5300
2899
5301
2898
5302
2897
5303
2896
5304
2895
5305
2894
5306
2893
5307
2892
476
2893
475
2894
5314
7735
10157
7734
10158
7733
10159
7732
10160
7731
10161
7730
10162
7729
10163
7728
5292
2855
5293
2854
5294
2853
5295
2852
5296
2851
5297
2850
402
2851
401
2852
400
2853
399
2854
398
2855
397
2856
396
2857
395
2858
394
2859
393
2860
392
2861
391
2862
390
2863
389
2864
388
2865
387
2866
386
2867
385
2868
384
2869
383
2870
382
2871
381
2872
380
2873
5367
7862
5366
7863
5365
7864
5364
7865
5363
7866
5362
7867
5361
7868
5360
7869
5359
2848
5360
2847
5361
2846
5362
2845
5363
2844
5364
2843
5365
2842
5366
2841
5367
2840
5368
2839
5369
2838
5370
2837
5371
2836
5372
2835
5373
2834
5374
2833
5375
2832
5376
2831
5377
2830
5378
2829
5379
2828
5380
2827
5381
2826
5382
2825
5383
2824
5384
2823
5385
2822
5386
2821
5387
2820
5388
2819
5389
2818
5390
2817
5391
2816
5392
2815
5393
2814
5394
2813
5395
2812
5396
2811
5397
2810
222
2811
221
2812
220
2813
219
2814
218
2815
217
2816
216
2817
215
2818
214
2819
213
2820
212
2821
211
2822
210
2823
209
2824
208
2825
207
2826
206
2827
205
2828
5452
8077
5451
8078
5450
8079
5449
8080
5448
8081
5447
8082
5446
2809
5447
2808
5448
2807
5449
2806
5450
2805
5451
2804
5452
2803
5453
2802
150
2803
5457
8112
5456
2799
5457
2798
5458
2797
5459
2796
5460
2795
5461
2794
5462
2793
5463
2792
5464
2791
5465
2790
5466
2789
5467
2788
5468
2787
5469
2786
5470
2785
5471
2784
5472
2783
5473
2782
5474
2781
5475
2780
5476
2779
5477
2778
5478
2777
5479
2776
5480
2775
5481
2774
5482
2773
5483
2772
5484
2771
5485
2770
5486
2769
5487
2768
5488
2767
5489
2766
5490
2765
5491
2764
5492
2763
5493
2762
5494
2761
5495
2760
5496
2759
5497
2758
5498
2757
5499
2756
5500
2755
5501
2754
5502
2753
5503
2752
5504
2751
5505
2750
5506
2749
5507
2748
5508
2747
5509
2746
5510
2745
5511
2744
5512
2743
5513
2742
5514
2741
5515
2740
5516
2739
5517
2738
5518
2737
5519
2736
5520
2735
5521
2734
5522
2733
5523
2732
5524
2731
5525
2730
5526
2729
5527
2728
5528
2727
5529
2726
5530
2725
5531
2724
5532
2723
5533
2722
5534
2721
5535
2720
5536
2719
5537
2718
5538
2717
5539
2716
5540
2715
5541
2714
5542
2713
5543
2712
5544
2711
5545
2710
5546
2709
5547
2708
5548
2707
5549
2706
5550
2705
5551
2704
5552
2703
5553
2702
5554
2701
5555
2700
5556
2699
5557
2698
5558
2697
5559
2696
5560
2695
5561
2694
5562
8431
11301
8430
11302
8429
11303
8428
11304
8427
11305
8426
11306
8425
11307
8424
11308
8423
11309
8422
11310
8421
11311
8420
11312
8419
11313
8418
11314
8417
11315
8416
11316
8415
11317
8414
11318
8413
11319
8412
11320
8411
11321
8410
11322
8409
11323
8408
11324
8407
11325
8406
11326
8405
11327
8404
11328
8403
11329
8402
11330
8401
11331
8400
11332
8399
11333
8398
11334
8397
11335
8396
11336
8395
11337
8394
11338
8393
11339
8392
5444
2495
5445
2494
5446
2493
5447
2492
5448
2491
5449
2490
5450
2489
5451
2488
5452
2487
5453
2486
5454
2485
5455
2484
5456
2483
5457
2482
5458
2481
5459
2480
5460
2479
5461
2478
5462
2477
5463
2476
5464
2475
5465
2474
5466
2473
5467
2472
5468
2471
5469
2470
5470
2469
5471
2468
5472
2467
5473
2466
5474
2465
5475
2464
5476
2463
5477
2462
5478
2461
5479
2460
5480
2459
5481
2458
5482
2457
5483
2456
5484
2455
5485
2454
5486
2453
5487
2452
5488
2451
5489
2450
5490
2449
5491
2448
5492
2447
5493
2446
5494
2445
5495
2444
5496
2443
5497
2442
5498
2441
5499
2440
5500
2439
5501
2438
5502
2437
5503
2436
5504
2435
5505
2434
5506
2433
5507
2432
5508
2431
5509
2430
5510
2429
5511
2428
5512
8597
11683
8596
11684
8595
11685
8594
11686
8593
11687
8592
11688
8591
11689
8590
11690
8589
11691
8588
11692
8587
11693
8586
11694
8585
11695
8584
11696
8583
11697
8582
11698
8581
11699
8580
11700
8579
11701
8578
11702
8577
11703
8576
11704
8575
11705
8574
5442
2309
5443
2308
5444
2307
5445
2306
5446
2305
5447
2304
5448
2303
5449
2302
5450
2301
5451
2300
5452
2299
5453
2298
5454
2297
5455
2296
5456
2295
5457
2294
5458
2293
5459
2292
5460
2291
5461
2290
5462
2289
5463
2288
5464
2287
5465
2286
5466
2285
5467
2284
5468
2283
5469
2282
5470
2281
5471
2280
5472
2279
5473
2278
5474
2277
5475
2276
5476
2275
5477
2274
5478
2273
5479
2272
5480
2271
5481
2270
5482
2269
5483
2268
5484
2267
5485
2266
5486
2265
5487
2264
5488
2263
5489
2262
5490
2261
5491
2260
5492
2259
5493
2258
5494
2257
5495
2256
5496
2255
5497
2254
5498
2253
5499
2252
5500
2251
5501
2250
5502
2249
5503
2248
5504
2247
5505
2246
5506
2245
5507
2244
5508
2243
5509
2242
5510
2241
5511
2240
5512
2239
5513
2238
5514
2237
5515
2236
5516
2235
5517
2234
5518
2233
5519
2232
5520
2231
5521
2230
5522
2229
5523
2228
5524
2227
5525
2226
5526
2225
5527
2224
5528
2223
5529
2222
5530
2221
5531
2220
5532
2219
5533
2218
5534
2217
5535
2216
5536
2215
5537
2214
5538
2213
5539
2212
5540
2211
5541
2210
5542
2209
5543
2208
5544
2207
5545
2206
5546
2205
5547
2204
5548
2203
5549
2202
5550
2201
5551
2200
5552
2199
5553
2198
5554
2197
5555
2196
5556
2195
5557
2194
5558
2193
5559
2192
5560
2191
5561
2190
5562
2189
5563
2188
5564
2187
5565
2186
5566
2185
5567
2184
5568
2183
5569
2182
5570
2181
5571
2180
5572
2179
5573
2178
5574
2177
5575
2176
5576
2175
5577
2174
5578
2173
5579
2172
5580
2171
5581
2170
5582
2169
5583
2168
5584
2167
5585
2166
5586
2165
5587
2164
5588
2163
5589
2162
5590
2161
5591
2160
5592
2159
5593
2158
5594
2157
5595
2156
5596
2155
5597
2154
5598
2153
5599
2152
5600
2151
5601
2150
5602
2149
5603
2148
5604
2147
5605
2146
5606
2145
5607
2144
5608
2143
5609
2142
5610
2141
5611
2140
5612
2139
5613
2138
5614
2137
5615
2136
5616
2135
5617
2134
5618
2133
5619
2132
5620
2131
5621
2130
5622
2129
5623
2128
5624
2127
5625
2126
5626
2125
5627
2124
5628
2123
5629
2122
5630
2121
5631
2120
5632
2119
5633
2118
5634
2117
5635
2116
5636
2115
5637
2114
5638
2113
5639
2112
5640
2111
5641
2110
5642
2109
5643
2108
5644
2107
5645
2106
5646
2105
5647
2104
5648
2103
5649
2102
5650
2101
5651
2100
5652
2099
5653
2098
5654
2097
5655
2096
5656
2095
5657
2094
5658
2093
5659
2092
5660
2091
5661
2090
5662
2089
5663
2088
5664
2087
5665
2086
5666
2085
5667
2084
5668
2083
5669
2082
5670
2081
5671
2080
5672
2079
5673
2078
5674
2077
5675
2076
5676
2075
5677
2074
5678
2073
5679
2072
5680
2071
5681
2070
5682
2069
5683
2068
5684
2067
5685
2066
5686
2065
5687
2064
5688
2063
5689
2062
5690
2061
5691
2060
5692
2059
5693
2058
5694
2057
5695
2056
5696
2055
5697
2054
5698
2053
5699
2052
5700
2051
5701
2050
5702
2049
5703
2048
5704
2047
5705
2046
5706
2045
5707
2044
5708
2043
5709
2042
5710
2041
5711
2040
5712
2039
5713
2038
5714
2037
5715
2036
5716
2035
5717
2034
5718
2033
5719
2032
5720
2031
5721
2030
5722
2029
5723
2028
5724
2027
5725
2026
5726
2025
5727
2024
5728
2023
5729
2022
5730
2021
5731
2020
5732
2019
5733
2018
5734
2017
5735
2016
5736
2015
5737
2014
5738
2013
5739
2012
5740
2011
5741
2010
5742
2009
5743
2008
5744
2007
5745
2006
5746
2005
5747
2004
5748
2003
5749
2002
5750
2001
5751
2000
5752
1999
5753
1998
5754
1997
5755
1996
5756
1995
5757
1994
5758
1993
5759
1992
5760
1991
5761
1990
5762
1989
5763
1988
5764
1987
5765
1986
5766
1985
5767
1984
5768
1983
5769
1982
5770
1981
5771
1980
5772
1979
5773
1978
5774
1977
5775
1976
5776
1975
5777
1974
5778
1973
5779
1972
5780
1971
5781
1970
5782
1969
5783
1968
5784
1967
5785
1966
5786
1965
5787
1964
5788
1963
5789
1962
5790
1961
5791
1960
5792
1959
5793
1958
5794
1957
5795
1956
5796
1955
5797
1954
5798
1953
5799
1952
5800
1951
5801
1950
5802
1949
5803
1948
5804
1947
5805
1946
5806
1945
5807
1944
5808
1943
5809
1942
5810
9679
13549
9678
13550
9677
13551
9676
13552
9675
13553
9674
13554
9673
13555
9672
13556
9671
13557
9670
13558
9669
13559
9668
13560
9667
13561
9666
13562
9665
13563
9664
13564
9663
13565
9662
13566
9661
13567
9660
13568
9659
13569
9658
13570
9657
13571
9656
13572
9655
13573
9654
13574
9653
13575
9652
13576
9651
13577
9650
13578
9649
13579
9648
13580
9647
13581
9646
13582
9645
13583
9644
13584
9643
13585
9642
13586
9641
13587
9640
13588
9639
13589
9638
13590
9637
13591
9636
13592
9635
13593
9634
13594
9633
13595
9632
13596
9631
13597
9630
13598
9629
13599
9628
13600
9627
13601
9626
13602
9625
13603
9624
13604
9623
13605
9622
13606
9621
13607
9620
13608
9619
13609
9618
13610
9617
13611
9616
13612
9615
13613
9614
13614
9613
13615
9612
13616
9611
13617
9610
13618
9609
13619
9608
13620
9607
13621
9606
13622
9605
13623
9604
13624
9603
13625
9602
13626
9601
13627
9600
13628
9599
13629
9598
13630
9597
13631
9596
13632
9595
13633
9594
13634
9593
13635
9592
13636
9591
13637
9590
13638
9589
13639
9588
13640
9587
13641
9586
13642
9585
13643
9584
13644
9583
13645
9582
13646
9581
13647
9580
13648
9579
13649
9578
13650
9577
13651
9576
13652
9575
13653
9574
13654
9573
13655
9572
13656
9571
13657
9570
13658
9569
13659
9568
13660
9567
13661
9566
13662
9565
13663
9564
13664
9563
13665
9562
13666
9561
13667
9560
13668
9559
13669
9558
13670
9557
13671
9556
5440
1323
5441
1322
5442
1321
5443
1320
5444
1319
5445
1318
5446
1317
5447
1316
5448
1315
5449
1314
5450
9587
13725
17864
13724
17865
13723
17866
13722
17867
13721
17868
13720
17869
13719
17870
13718
17871
13717
17872
13716
17873
13715
17874
13714
9553
13715
9552
13716
9551
13717
9550
13718
9549
13719
9548
13720
9547
13721
9546
13722
9545
13723
9544
13724
9543
13725
9542
5358
9543
5357
9544
5356
9545
5355
9546
5354
9547
5353
9548
5352
9549
5351
9550
5350
9551
5349
9552
5348
9553
5347
9554
5346
9555
5345
9556
5344
9557
5343
9558
5342
9559
5341
9560
5340
9561
5339
9562
5338
9563
5337
9564
5336
9565
5335
9566
5334
9567
5333
9568
5332
9569
5331
9570
5330
1089
5331
1088
5332
1087
5333
1086
5334
1085
5335
1084
5336
1083
5337
1082
5338
1081
5339
1080
5340
1079
5341
1078
5342
1077
5343
1076
5344
1075
5345
1074
5346
1073
5347
1072
5348
1071
5349
1070
5350
1069
5351
1068
5352
1067
5353
1066
5354
1065
5355
1064
5356
1063
5357
1062
5358
1061
5359
1060
5360
1059
5361
1058
5362
1057
5363
1056
5364
1055
5365
1054
5366
1053
5367
1052
5368
1051
5369
1050
5370
1049
5371
1048
5372
1047
5373
1046
5374
1045
5375
1044
5376
1043
5377
1042
5378
1041
5379
1040
5380
1039
5381
1038
5382
1037
5383
1036
5384
1035
5385
1034
5386
1033
5387
1032
5388
1031
5389
1030
5390
1029
5391
1028
5392
1027
5393
1026
5394
1025
5395
1024
5396
1023
5397
1022
5398
1021
5399
1020
5400
1019
5401
1018
5402
1017
5403
1016
5404
1015
5405
1014
5406
1013
5407
1012
5408
1011
5409
1010
5410
1009
5411
1008
5412
1007
5413
1006
5414
1005
5415
1004
5416
1003
5417
1002
5418
1001
5419
1000
5420
999
5421
998
5422
997
5423
996
5424
995
5425
994
5426
993
5427
992
5428
991
5429
990
5430
989
5431
988
5432
987
5433
986
5434
985
5435
984
5436
983
5437
982
5438
981
5439
980
5440
979
5441
978
5442
977
5443
976
5444
975
5445
974
5446
973
5447
972
5448
971
5449
970
5450
969
5451
968
5452
967
5453
966
5454
965
5455
964
5456
963
5457
9952
14448
9951
14449
9950
14450
9949
14451
9948
14452
9947
14453
9946
14454
9945
14455
9944
14456
9943
14457
9942
14458
9941
14459
9940
14460
9939
14461
9938
14462
9937
14463
9936
14464
9935
14465
9934
14466
9933
14467
9932
14468
9931
14469
9930
14470
9929
14471
9928
14472
9927
14473
9926
14474
9925
14475
9924
14476
9923
14477
9922
14478
9921
14479
9920
14480
9919
14481
9918
14482
9917
14483
9916
14484
9915
14485
9914
14486
9913
14487
9912
14488
9911
14489
9910
14490
9909
5327
9910
5326
9911
5325
9912
5324
9913
5323
9914
5322
9915
5321
9916
5320
9917
14515
19114
14514
19115
14513
19116
14512
9907
14513
9906
14514
9905
14515
9904
14516
9903
5289
9904
5288
9905
5287
9906
5286
9907
5285
9908
5284
9909
5283
9910
5282
9911
5281
9912
5280
9913
5279
9914
5278
641
5279
640
5280
639
5281
638
5282
637
5283
9930
14578
19227
14577
19228
14576
19229
14575
19230
14574
19231
14573
19232
14572
19233
14571
19234
14570
19235
14569
9902
5234
9903
5233
9904
5232
9905
5231
9906
5230
9907
5229
9908
5228
9909
5227
9910
5226
9911
5225
9912
5224
9913
5223
9914
5222
9915
5221
9916
5220
9917
5219
9918
5218
9919
5217
9920
5216
9921
5215
9922
5214
9923
5213
9924
5212
9925
5211
9926
5210
9927
5209
9928
5208
9929
5207
9930
5206
9931
5205
9932
5204
9933
5203
9934
5202
9935
5201
9936
5200
9937
5199
9938
5198
9939
5197
9940
5196
9941
5195
448
5196
447
5197
446
5198
445
5199
444
5200
443
5201
442
5202
441
5203
440
5204
439
5205
438
5206
437
5207
436
5208
435
5209
434
5210
433
5211
432
5212
431
5213
430
5214
429
5215
428
5216
427
5217
426
5218
10011
14805
10010
14806
10009
14807
10008
14808
10007
14809
10006
14810
10005
14811
10004
14812
10003
5193
10004
5192
10005
5191
376
5192
375
5193
374
5194
373
5195
372
5196
371
5197
10024
14852
10023
14853
10022
5190
10023
5189
10024
5188
10025
5187
10026
5186
10027
5185
10028
5184
10029
5183
10030
5182
10031
5181
10032
5180
10033
5179
10034
5178
10035
5177
10036
5176
10037
5175
10038
5174
10039
5173
10040
5172
10041
5171
10042
5170
10043
5169
10044
5168
10045
5167
10046
5166
10047
5165
10048
5164
10049
5163
10050
5162
10051
5161
10052
5160
10053
5159
10054
5158
10055
5157
10056
5156
10057
5155
10058
5154
10059
5153
10060
5152
10061
5151
10062
5150
10063
5149
10064
5148
10065
5147
10066
5146
10067
5145
10068
5144
10069
5143
10070
5142
10071
5141
10072
5140
10073
5139
10074
5138
10075
5137
10076
5136
10077
5135
10078
5134
10079
5133
10080
5132
10081
5131
10082
5130
10083
5129
10084
5128
10085
5127
10086
5126
10087
5125
10088
5124
10089
5123
10090
5122
10091
5121
10092
5120
10093
5119
10094
5118
10095
5117
10096
5116
10097
5115
10098
5114
10099
5113
10100
5112
10101
5111
10102
5110
10103
5109
10104
5108
10105
5107
10106
5106
10107
5105
10108
5104
10109
5103
10110
5102
10111
5101
10112
5100
10113
5099
10114
5098
10115
5097
10116
5096
10117
5095
10118
5094
10119
15145
20172
15144
20173
15143
20174
15142
20175
15141
20176
15140
20177
15139
20178
15138
20179
15137
20180
15136
20181
15135
20182
15134
20183
15133
20184
15132
20185
15131
20186
15130
20187
15129
20188
15128
20189
15127
20190
15126
20191
15125
20192
15124
20193
15123
20194
15122
20195
15121
20196
15120
20197
15119
20198
15118
20199
15117
20200
15116
20201
15115
20202
15114
20203
15113
20204
15112
10019
4925
10020
4924
10021
4923
10022
4922
10023
4921
10024
4920
10025
4919
10026
4918
10027
4917
10028
4916
10029
4915
10030
4914
10031
4913
10032
4912
10033
4911
10034
4910
10035
4909
10036
4908
10037
4907
10038
4906
10039
4905
10040
4904
10041
4903
10042
4902
10043
4901
10044
4900
10045
4899
10046
4898
10047
4897
10048
4896
10049
4895
10050
4894
10051
4893
10052
4892
10053
4891
10054
4890
10055
4889
10056
4888
10057
4887
10058
4886
10059
4885
10060
4884
10061
4883
10062
4882
10063
4881
10064
4880
10065
4879
10066
4878
10067
4877
10068
4876
10069
4875
10070
4874
10071
4873
10072
4872
10073
4871
10074
4870
10075
4869
10076
4868
10077
4867
10078
4866
10079
4865
10080
4864
10081
4863
10082
4862
10083
4861
10084
4860
10085
4859
10086
4858
10087
4857
10088
4856
10089
4855
10090
4854
10091
4853
10092
4852
10093
15335
20578
15334
20579
15333
20580
15332
20581
15331
20582
15330
20583
15329
20584
15328
20585
15327
20586
15326
20587
15325
20588
15324
20589
15323
20590
15322
20591
15321
20592
15320
20593
15319
20594
15318
20595
15317
20596
15316
20597
15315
20598
15314
20599
15313
20600
15312
20601
15311
20602
15310
10017
4723
10018
4722
10019
4721
10020
4720
10021
4719
10022
4718
10023
4717
10024
4716
10025
4715
10026
4714
10027
4713
10028
4712
10029
4711
10030
4710
10031
4709
10032
4708
10033
4707
10034
4706
10035
4705
10036
4704
10037
4703
10038
4702
10039
4701
10040
4700
10041
4699
10042
4698
10043
4697
10044
4696
10045
4695
10046
4694
10047
4693
10048
4692
10049
4691
10050
4690
10051
4689
10052
4688
10053
4687
10054
4686
10055
4685
10056
4684
10057
4683
10058
4682
10059
4681
10060
4680
10061
4679
10062
4678
10063
4677
10064
4676
10065
4675
10066
4674
10067
4673
10068
4672
10069
4671
10070
4670
10071
4669
10072
4668
10073
4667
10074
4666
10075
4665
10076
4664
10077
4663
10078
4662
10079
4661
10080
4660
10081
4659
10082
4658
10083
4657
10084
4656
10085
4655
10086
4654
10087
4653
10088
4652
10089
4651
10090
4650
10091
4649
10092
4648
10093
4647
10094
4646
10095
4645
10096
4644
10097
4643
10098
4642
10099
4641
10100
4640
10101
4639
10102
4638
10103
4637
10104
4636
10105
4635
10106
4634
10107
4633
10108
4632
10109
4631
10110
4630
10111
4629
10112
4628
10113
4627
10114
4626
10115
4625
10116
4624
10117
4623
10118
4622
10119
4621
10120
4620
10121
4619
10122
4618
10123
4617
10124
4616
10125
4615
10126
4614
10127
4613
10128
4612
10129
4611
10130
4610
10131
4609
10132
4608
10133
4607
10134
4606
10135
4605
10136
4604
10137
4603
10138
4602
10139
4601
10140
4600
10141
4599
10142
4598
10143
4597
10144
4596
10145
4595
10146
4594
10147
4593
10148
4592
10149
4591
10150
4590
10151
4589
10152
4588
10153
4587
10154
4586
10155
4585
10156
4584
10157
4583
10158
4582
10159
4581
10160
4580
10161
4579
10162
4578
10163
4577
10164
4576
10165
4575
10166
4574
10167
4573
10168
4572
10169
4571
10170
4570
10171
4569
10172
4568
10173
4567
10174
4566
10175
4565
10176
4564
10177
4563
10178
4562
10179
4561
10180
4560
10181
4559
10182
4558
10183
4557
10184
4556
10185
4555
10186
4554
10187
4553
10188
4552
10189
4551
10190
4550
10191
4549
10192
4548
10193
4547
10194
4546
10195
4545
10196
4544
10197
4543
10198
4542
10199
4541
10200
4540
10201
4539
10202
4538
10203
4537
10204
4536
10205
4535
10206
4534
10207
4533
10208
4532
10209
4531
10210
4530
10211
4529
10212
4528
10213
4527
10214
4526
10215
4525
10216
4524
10217
4523
10218
4522
10219
4521
10220
4520
10221
4519
10222
4518
10223
4517
10224
4516
10225
4515
10226
4514
10227
4513
10228
4512
10229
4511
10230
4510
10231
4509
10232
4508
10233
4507
10234
4506
10235
4505
10236
4504
10237
4503
10238
4502
10239
4501
10240
4500
10241
4499
10242
4498
10243
4497
10244
4496
10245
4495
10246
4494
10247
4493
10248
4492
10249
4491
10250
4490
10251
4489
10252
4488
10253
4487
10254
4486
10255
4485
10256
4484
10257
4483
10258
4482
10259
4481
10260
4480
10261
4479
10262
4478
10263
4477
10264
4476
10265
4475
10266
4474
10267
4473
10268
4472
10269
4471
10270
4470
10271
4469
10272
4468
10273
4467
10274
4466
10275
4465
10276
4464
10277
4463
10278
4462
10279
4461
10280
4460
10281
4459
10282
4458
10283
4457
10284
4456
10285
4455
10286
4454
10287
4453
10288
4452
10289
4451
10290
4450
10291
4449
10292
4448
10293
4447
10294
4446
10295
4445
10296
4444
10297
4443
10298
4442
10299
4441
10300
4440
10301
4439
10302
4438
10303
4437
10304
4436
10305
4435
10306
4434
10307
4433
10308
4432
10309
4431
10310
4430
10311
4429
10312
4428
10313
4427
10314
4426
10315
4425
10316
4424
10317
4423
10318
4422
10319
16217
22116
16216
22117
16215
22118
16214
22119
16213
22120
16212
22121
16211
22122
16210
22123
16209
22124
16208
22125
16207
22126
16206
22127
16205
22128
16204
22129
16203
22130
16202
22131
16201
22132
16200
22133
16199
22134
16198
22135
16197
22136
16196
22137
16195
22138
16194
22139
16193
22140
16192
22141
16191
22142
16190
22143
16189
22144
16188
22145
16187
22146
16186
22147
16185
22148
16184
22149
16183
22150
16182
22151
16181
22152
16180
22153
16179
22154
16178
22155
16177
22156
16176
22157
16175
22158
16174
22159
16173
22160
16172
22161
16171
22162
16170
22163
16169
22164
16168
22165
16167
22166
16166
22167
16165
22168
16164
22169
16163
22170
16162
22171
16161
22172
16160
22173
16159
22174
16158
22175
16157
22176
16156
22177
16155
22178
16154
22179
16153
22180
16152
22181
16151
22182
16150
22183
16149
22184
16148
22185
16147
22186
16146
22187
16145
22188
16144
22189
16143
22190
16142
22191
16141
22192
16140
22193
16139
22194
16138
22195
16137
22196
16136
22197
16135
22198
16134
22199
16133
22200
16132
22201
16131
22202
16130
22203
16129
22204
16128
22205
16127
22206
16126
22207
16125
22208
16124
22209
16123
22210
16122
22211
16121
22212
16120
22213
16119
22214
16118
22215
16117
22216
16116
10015
3913
10016
3912
10017
3911
10018
3910
10019
3909
10020
3908
10021
3907
10022
3906
10023
3905
10024
3904
10025
3903
10026
3902
10027
3901
10028
3900
10029
3899
10030
3898
10031
3897
10032
3896
10033
3895
10034
3894
10035
3893
10036
3892
10037
3891
10038
3890
10039
3889
10040
3888
10041
3887
10042
3886
10043
3885
10044
3884
10045
3883
10046
3882
10047
3881
10048
3880
10049
3879
10050
3878
10051
3877
10052
3876
10053
3875
10054
3874
10055
3873
10056
3872
10057
3871
10058
3870
10059
3869
10060
3868
10061
3867
10062
3866
10063
3865
10064
3864
10065
3863
10066
3862
10067
3861
10068
3860
10069
3859
10070
3858
10071
3857
10072
3856
10073
3855
10074
3854
10075
3853
10076
3852
10077
3851
10078
3850
10079
3849
10080
3848
10081
3847
10082
3846
10083
3845
10084
3844
10085
3843
10086
3842
10087
3841
10088
3840
10089
3839
10090
3838
10091
3837
10092
3836
10093
3835
10094
3834
10095
3833
10096
3832
10097
3831
10098
3830
10099
3829
10100
3828
10101
3827
10102
3826
10103
3825
10104
3824
10105
3823
10106
3822
10107
3821
10108
3820
10109
3819
10110
3818
10111
3817
10112
3816
10113
3815
10114
3814
10115
3813
10116
3812
10117
3811
10118
3810
10119
3809
10120
3808
10121
3807
10122
3806
10123
3805
10124
3804
10125
3803
10126
3802
10127
3801
10128
3800
10129
3799
10130
3798
10131
3797
10132
3796
10133
3795
10134
3794
10135
3793
10136
3792
10137
3791
10138
3790
10139
3789
10140
3788
10141
3787
10142
3786
10143
3785
10144
3784
10145
3783
10146
3782
10147
3781
10148
3780
10149
3779
10150
3778
10151
3777
10152
3776
10153
3775
10154
3774
10155
3773
10156
3772
10157
3771
10158
3770
10159
3769
10160
3768
10161
3767
10162
3766
10163
3765
10164
3764
10165
3763
10166
3762
10167
3761
10168
3760
10169
3759
10170
3758
10171
3757
10172
3756
10173
3755
10174
3754
10175
3753
10176
3752
10177
3751
10178
3750
10179
3749
10180
3748
10181
3747
10182
3746
10183
3745
10184
3744
10185
3743
10186
3742
10187
3741
10188
3740
10189
3739
10190
3738
10191
3737
10192
3736
10193
3735
10194
3734
10195
3733
10196
3732
10197
3731
10198
3730
10199
3729
10200
3728
10201
3727
10202
3726
10203
3725
10204
3724
10205
3723
10206
3722
10207
3721
10208
3720
10209
3719
10210
3718
10211
3717
10212
3716
10213
3715
10214
3714
10215
3713
10216
3712
10217
3711
10218
3710
10219
3709
10220
3708
10221
3707
10222
3706
10223
3705
10224
3704
10225
3703
10226
3702
10227
3701
10228
3700
10229
16759
23290
16758
23291
16757
23292
16756
23293
16755
23294
16754
23295
16753
23296
16752
23297
16751
23298
16750
23299
16749
23300
16748
23301
16747
23302
16746
23303
16745
23304
16744
23305
16743
23306
16742
23307
16741
23308
16740
23309
16739
23310
16738
23311
16737
23312
16736
23313
16735
23314
16734
23315
16733
23316
16732
23317
16731
23318
16730
23319
16729
23320
16728
23321
16727
23322
16726
23323
16725
23324
16724
23325
16723
23326
16722
23327
16721
23328
16720
23329
16719
23330
16718
23331
16717
23332
16716
23333
16715
23334
16714
23335
16713
23336
16712
23337
16711
23338
16710
23339
16709
23340
16708
23341
16707
23342
16706
23343
16705
23344
16704
23345
16703
23346
16702
23347
16701
23348
16700
23349
16699
23350
16698
23351
16697
23352
16696
23353
16695
23354
16694
23355
16693
23356
16692
23357
16691
23358
16690
23359
16689
23360
16688
23361
16687
10012
3336
10013
3335
10014
3334
10015
3333
10016
3332
10017
3331
10018
3330
10019
3329
10020
3328
10021
3327
10022
3326
10023
3325
10024
3324
10025
3323
10026
3322
10027
3321
10028
3320
10029
3319
10030
3318
10031
3317
10032
3316
10033
3315
10034
3314
10035
3313
10036
3312
10037
3311
10038
3310
10039
3309
10040
3308
10041
3307
10042
3306
10043
3305
10044
3304
10045
3303
10046
3302
10047
3301
10048
3300
10049
3299
10050
3298
10051
3297
10052
3296
10053
3295
10054
3294
10055
3293
10056
3292
10057
3291
10058
3290
10059
3289
10060
3288
10061
3287
10062
3286
10063
3285
10064
3284
10065
3283
10066
3282
10067
3281
10068
3280
10069
3279
10070
3278
10071
3277
10072
3276
10073
3275
10074
3274
10075
3273
10076
3272
10077
3271
10078
3270
10079
3269
10080
3268
10081
3267
10082
3266
10083
3265
10084
3264
10085
3263
10086
3262
10087
3261
10088
3260
10089
3259
10090
3258
10091
3257
10092
3256
10093
3255
10094
3254
10095
3253
10096
3252
10097
3251
10098
3250
10099
3249
10100
3248
10101
3247
10102
3246
10103
3245
10104
3244
10105
3243
10106
3242
10107
3241
10108
3240
10109
3239
10110
3238
10111
3237
10112
3236
10113
3235
10114
3234
10115
3233
10116
3232
10117
3231
10118
3230
10119
3229
10120
3228
10121
3227
10122
3226
10123
3225
10124
3224
10125
3223
10126
3222
10127
3221
10128
3220
10129
3219
10130
3218
10131
3217
10132
3216
10133
3215
10134
3214
10135
3213
10136
3212
10137
3211
10138
3210
10139
3209
10140
3208
10141
3207
10142
3206
10143
3205
10144
3204
10145
3203
10146
3202
10147
3201
10148
3200
10149
3199
10150
3198
10151
3197
10152
3196
10153
3195
10154
3194
10155
3193
10156
3192
10157
3191
10158
3190
10159
3189
10160
3188
10161
3187
10162
3186
10163
3185
10164
3184
10165
3183
10166
3182
10167
3181
10168
3180
10169
3179
10170
3178
10171
3177
10172
3176
10173
3175
10174
3174
10175
3173
10176
3172
10177
3171
10178
3170
10179
3169
10180
3168
10181
3167
10182
3166
10183
3165
10184
3164
10185
3163
10186
3162
10187
3161
10188
3160
10189
3159
10190
3158
10191
3157
10192
3156
10193
3155
10194
3154
10195
3153
10196
3152
10197
3151
10198
3150
10199
3149
10200
3148
10201
3147
10202
3146
10203
3145
10204
3144
10205
3143
10206
3142
10207
3141
10208
3140
10209
3139
10210
3138
10211
17285
24360
17284
24361
17283
24362
17282
24363
17281
24364
17280
24365
17279
24366
17278
24367
17277
24368
17276
24369
17275
24370
17274
24371
17273
24372
17272
24373
17271
24374
17270
24375
17269
24376
17268
24377
17267
24378
17266
24379
17265
24380
17264
24381
17263
24382
17262
24383
17261
24384
17260
24385
17259
24386
17258
24387
17257
24388
17256
24389
17255
24390
17254
24391
17253
24392
17252
24393
17251
24394
17250
24395
17249
24396
17248
24397
17247
24398
17246
24399
17245
24400
17244
24401
17243
24402
17242
24403
17241
24404
17240
24405
17239
24406
17238
24407
17237
24408
17236
24409
17235
24410
17234
24411
17233
24412
17232
24413
17231
24414
17230
24415
17229
24416
17228
24417
17227
24418
17226
24419
17225
24420
17224
24421
17223
24422
17222
24423
17221
24424
17220
24425
17219
24426
17218
24427
17217
24428
17216
24429
17215
10000
17216
9999
17217
9998
17218
9997
17219
9996
17220
9995
17221
9994
17222
9993
17223
9992
17224
9991
17225
9990
17226
9989
17227
9988
17228
9987
17229
9986
17230
9985
17231
9984
17232
9983
17233
9982
17234
9981
17235
9980
17236
9979
17237
9978
17238
9977
17239
9976
17240
9975
17241
9974
17242
9973
17243
9972
17244
9971
17245
9970
17246
9969
17247
9968
17248
9967
17249
9966
17250
9965
17251
9964
17252
9963
17253
9962
2670
9963
2669
9964
2668
9965
2667
9966
2666
9967
2665
9968
2664
9969
2663
9970
2662
9971
2661
9972
2660
9973
2659
9974
2658
9975
2657
9976
2656
9977
2655
9978
2654
9979
2653
9980
2652
9981
2651
9982
2650
9983
2649
9984
2648
9985
2647
9986
2646
9987
2645
9988
2644
9989
2643
9990
2642
9991
2641
9992
2640
9993
2639
9994
2638
9995
2637
9996
2636
9997
2635
9998
2634
9999
2633
10000
2632
10001
2631
10002
2630
10003
2629
10004
2628
10005
2627
10006
2626
10007
2625
10008
2624
10009
2623
10010
2622
10011
2621
10012
2620
10013
2619
10014
2618
10015
2617
10016
2616
10017
2615
10018
2614
10019
2613
10020
2612
10021
2611
10022
2610
10023
2609
10024
2608
10025
2607
10026
2606
10027
2605
10028
2604
10029
2603
10030
2602
10031
2601
10032
2600
10033
2599
10034
2598
10035
2597
10036
2596
10037
2595
10038
2594
10039
2593
10040
2592
10041
2591
10042
2590
10043
2589
10044
2588
10045
2587
10046
2586
10047
2585
10048
2584
10049
2583
10050
2582
10051
2581
10052
2580
10053
2579
10054
2578
10055
2577
10056
2576
10057
2575
10058
2574
10059
2573
10060
2572
10061
2571
10062
2570
10063
2569
10064
2568
10065
2567
10066
2566
10067
2565
10068
2564
10069
2563
10070
2562
10071
2561
10072
2560
10073
2559
10074
2558
10075
2557
10076
2556
10077
2555
10078
2554
10079
2553
10080
2552
10081
2551
10082
2550
10083
2549
10084
2548
10085
2547
10086
2546
10087
2545
10088
2544
10089
2543
10090
2542
10091
2541
10092
2540
10093
2539
10094
2538
10095
2537
10096
2536
10097
2535
10098
2534
10099
17665
25232
17664
25233
17663
25234
17662
25235
17661
25236
17660
25237
17659
25238
17658
25239
17657
25240
17656
25241
17655
25242
17654
25243
17653
25244
17652
25245
17651
25246
17650
25247
17649
25248
17648
25249
17647
25250
17646
25251
17645
25252
17644
25253
17643
25254
17642
25255
17641
25256
17640
25257
17639
25258
17638
25259
17637
25260
17636
25261
17635
25262
17634
25263
17633
25264
17632
25265
17631
25266
17630
25267
17629
25268
17628
25269
17627
25270
17626
25271
17625
25272
17624
25273
17623
25274
17622
25275
17621
25276
17620
25277
17619
9960
17620
9959
17621
9958
17622
9957
17623
9956
17624
9955
17625
9954
17626
9953
17627
25302
32978
25301
32979
25300
32980
25299
17617
25300
17616
25301
17615
25302
17614
25303
17613
25304
17612
25305
17611
25306
17610
25307
17609
25308
17608
25309
17607
25310
17606
9901
17607
9900
17608
9899
17609
9898
17610
9897
17611
9896
17612
9895
17613
9894
17614
9893
17615
9892
17616
9891
17617
9890
17618
9889
17619
9888
17620
9887
17621
9886
17622
9885
17623
9884
17624
9883
17625
9882
17626
9881
17627
9880
17628
9879
17629
9878
17630
9877
17631
9876
17632
9875
17633
9874
17634
9873
17635
9872
17636
9871
17637
9870
17638
9869
17639
9868
17640
9867
17641
9866
17642
9865
17643
9864
17644
9863
17645
9862
17646
9861
17647
9860
17648
9859
17649
9858
17650
9857
17651
9856
17652
9855
17653
9854
17654
9853
17655
9852
17656
9851
17657
9850
17658
9849
17659
9848
17660
9847
17661
9846
17662
9845
17663
9844
17664
9843
17665
9842
17666
9841
17667
9840
17668
9839
17669
9838
17670
9837
17671
9836
17672
9835
17673
9834
17674
9833
17675
9832
17676
9831
17677
9830
17678
9829
17679
9828
17680
9827
17681
9826
17682
9825
17683
9824
17684
9823
17685
9822
17686
9821
17687
9820
17688
9819
17689
9818
17690
9817
17691
9816
17692
9815
17693
9814
17694
9813
1931
9814
1930
9815
1929
9816
1928
9817
1927
9818
1926
9819
1925
9820
1924
9821
1923
9822
1922
9823
1921
9824
1920
9825
1919
9826
1918
9827
1917
9828
1916
9829
1915
9830
1914
9831
1913
9832
1912
9833
1911
9834
1910
9835
1909
9836
1908
9837
1907
9838
1906
9839
1905
9840
1904
9841
1903
9842
1902
9843
1901
9844
1900
9845
1899
9846
1898
9847
1897
9848
1896
9849
1895
9850
1894
9851
1893
9852
1892
9853
1891
9854
1890
9855
1889
9856
1888
9857
1887
9858
1886
9859
1885
9860
1884
9861
1883
9862
1882
9863
1881
9864
1880
9865
1879
9866
1878
9867
1877
9868
1876
9869
1875
9870
1874
9871
1873
9872
1872
9873
1871
9874
1870
9875
1869
9876
1868
9877
1867
9878
1866
9879
1865
9880
1864
9881
1863
9882
1862
9883
1861
9884
1860
9885
1859
9886
1858
9887
1857
9888
1856
9889
1855
9890
1854
9891
1853
9892
1852
9893
1851
9894
1850
9895
1849
9896
1848
9897
1847
9898
1846
9899
1845
9900
1844
9901
1843
9902
1842
9903
1841
9904
1840
9905
1839
9906
1838
9907
1837
9908
1836
9909
1835
9910
1834
9911
1833
9912
1832
9913
1831
9914
1830
9915
1829
9916
1828
9917
1827
9918
1826
9919
1825
9920
1824
9921
1823
9922
1822
9923
1821
9924
18028
26133
18027
26134
18026
26135
18025
26136
18024
26137
18023
26138
18022
26139
18021
26140
18020
26141
18019
26142
18018
26143
18017
26144
18016
26145
18015
26146
18014
26147
18013
26148
18012
26149
18011
26150
18010
26151
18009
26152
18008
26153
18007
26154
18006
26155
18005
26156
18004
26157
18003
26158
18002
26159
18001
26160
18000
26161
17999
26162
17998
26163
17997
26164
17996
26165
17995
26166
17994
26167
17993
26168
17992
26169
17991
9812
17992
9811
17993
9810
17994
9809
17995
9808
17996
9807
17997
9806
17998
9805
17999
9804
18000
9803
18001
9802
18002
9801
1599
9802
1598
9803
1597
9804
1596
9805
1595
9806
1594
9807
1593
9808
1592
9809
18027
26246
34466
26245
34467
26244
34468
26243
34469
26242
34470
26241
34471
26240
34472
26239
34473
26238
34474
26237
34475
26236
34476
26235
34477
26234
17990
9745
17991
9744
17992
9743
17993
9742
17994
9741
17995
9740
17996
9739
17997
9738
17998
9737
17999
9736
18000
9735
18001
9734
18002
9733
18003
9732
18004
9731
18005
9730
18006
9729
18007
9728
18008
9727
18009
9726
18010
9725
18011
9724
18012
9723
18013
9722
18014
9721
18015
9720
18016
9719
18017
9718
18018
9717
18019
9716
1412
9717
1411
9718
1410
9719
1409
9720
1408
9721
1407
9722
1406
9723
1405
9724
1404
9725
1403
9726
1402
9727
1401
9728
1400
9729
1399
9730
1398
9731
1397
9732
1396
9733
1395
9734
1394
9735
1393
9736
1392
9737
1391
9738
1390
9739
1389
9740
1388
9741
1387
9742
1386
9743
1385
9744
1384
9745
1383
9746
1382
9747
1381
9748
1380
9749
1379
9750
1378
9751
1377
9752
1376
9753
1375
9754
1374
9755
1373
9756
1372
9757
1371
9758
1370
9759
1369
9760
1368
9761
1367
9762
1366
9763
1365
9764
1364
9765
1363
9766
18170
26575
18169
26576
18168
26577
18167
26578
18166
26579
18165
26580
18164
26581
18163
26582
18162
26583
18161
26584
18160
26585
18159
26586
18158
26587
18157
26588
18156
26589
18155
26590
18154
26591
18153
9714
1274
9715
1273
9716
1272
9717
1271
9718
1270
9719
1269
9720
1268
9721
1267
9722
1266
9723
1265
9724
1264
9725
1263
9726
1262
9727
1261
9728
1260
9729
1259
9730
1258
9731
1257
9732
1256
9733
1255
9734
1254
9735
1253
9736
1252
9737
1251
9738
1250
9739
1249
9740
1248
9741
1247
9742
1246
9743
1245
9744
1244
9745
1243
9746
1242
9747
1241
9748
1240
9749
1239
9750
1238
9751
1237
9752
1236
9753
1235
9754
1234
9755
1233
9756
1232
9757
1231
9758
1230
9759
1229
9760
1228
9761
1227
9762
1226
9763
1225
9764
1224
9765
1223
9766
1222
9767
1221
9768
1220
9769
1219
9770
1218
9771
1217
9772
1216
9773
1215
9774
1214
9775
1213
9776
1212
9777
1211
9778
1210
9779
1209
9780
1208
9781
1207
9782
1206
9783
1205
9784
1204
9785
1203
9786
1202
9787
1201
9788
1200
9789
1199
9790
1198
9791
1197
9792
1196
9793
1195
9794
1194
9795
1193
9796
1192
9797
1191
9798
1190
9799
1189
9800
1188
9801
18415
27030
18414
27031
18413
27032
18412
27033
18411
27034
18410
27035
18409
27036
18408
27037
18407
27038
18406
27039
18405
27040
18404
27041
18403
27042
18402
27043
18401
27044
18400
27045
18399
27046
18398
27047
18397
27048
18396
27049
18395
27050
18394
27051
18393
27052
18392
27053
18391
27054
18390
27055
18389
27056
18388
27057
18387
27058
18386
9713
18387
9712
18388
9711
18389
9710
18390
9709
18391
9708
18392
9707
18393
9706
18394
9705
18395
9704
18396
9703
18397
9702
18398
9701
18399
9700
18400
9699
18401
9698
18402
9697
18403
9696
18404
9695
18405
9694
18406
9693
18407
9692
18408
9691
18409
9690
18410
9689
18411
9688
18412
9687
18413
9686
18414
9685
18415
9684
18416
9683
18417
9682
18418
9681
18419
9680
18420
27161
35903
27160
35904
27159
35905
27158
35906
27157
35907
27156
35908
27155
35909
27154
35910
27153
35911
27152
35912
27151
35913
27150
35914
27149
18383
27150
18382
27151
18381
27152
18380
27153
18379
27154
18378
27155
18377
27156
18376
27157
18375
27158
18374
27159
18373
27160
18372
27161
18371
27162
18370
27163
18369
27164
18368
27165
18367
27166
18366
27167
18365
27168
18364
27169
18363
27170
18362
27171
18361
27172
18360
27173
18359
27174
18358
9541
18359
9540
18360
9539
18361
9538
18362
9537
18363
9536
18364
9535
18365
9534
18366
9533
18367
9532
18368
9531
18369
9530
18370
9529
18371
9528
18372
9527
18373
9526
18374
9525
18375
9524
18376
9523
18377
9522
18378
9521
18379
9520
18380
9519
18381
9518
18382
9517
18383
9516
18384
9515
18385
9514
18386
9513
18387
9512
18388
9511
18389
9510
630
9511
629
9512
628
9513
627
9514
626
9515
625
9516
624
9517
623
9518
622
9519
621
9520
620
9521
619
9522
618
9523
617
9524
616
9525
18435
27346
18434
27347
18433
27348
18432
27349
18431
27350
18430
9509
18431
9508
18432
9507
18433
9506
18434
9505
18435
9504
18436
9503
18437
9502
18438
9501
18439
9500
18440
9499
18441
9498
18442
9497
18443
9496
18444
9495
18445
9494
18446
9493
18447
9492
18448
9491
18449
9490
18450
9489
18451
9488
18452
9487
18453
9486
18454
9485
18455
9484
18456
9483
18457
9482
18458
9481
18459
9480
18460
9479
18461
9478
18462
9477
18463
9476
18464
9475
18465
9474
18466
9473
18467
9472
18468
9471
18469
9470
18470
9469
18471
9468
18472
9467
18473
9466
18474
9465
18475
9464
18476
9463
449
9464
18480
27497
18479
9460
18480
9459
18481
9458
18482
9457
18483
9456
18484
9455
18485
9454
18486
9453
18487
9452
18488
9451
18489
9450
18490
9449
18491
9448
18492
9447
18493
9446
18494
9445
18495
9444
18496
9443
18497
9442
18498
9441
18499
9440
18500
9439
18501
9438
18502
9437
18503
9436
18504
9435
365
9436
364
9437
363
9438
362
9439
361
9440
18520
27601
18519
27602
18518
9433
18519
9432
18520
9431
18521
9430
18522
9429
18523
9428
18524
9427
18525
9426
18526
9425
18527
9424
18528
9423
18529
9422
18530
9421
18531
9420
18532
9419
18533
9418
18534
9417
18535
9416
18536
9415
18537
9414
18538
9413
18539
9412
18540
9411
18541
9410
18542
9409
18543
9408
18544
9407
18545
9406
18546
9405
18547
9404
18548
9403
18549
9402
18550
9401
18551
9400
18552
9399
18553
9398
18554
9397
18555
9396
18556
9395
18557
9394
18558
9393
18559
9392
18560
9391
18561
9390
18562
9389
18563
9388
18564
9387
18565
9386
18566
9385
18567
9384
18568
9383
18569
9382
18570
9381
18571
9380
18572
9379
18573
9378
18574
9377
18575
9376
18576
9375
18577
9374
18578
9373
18579
9372
18580
9371
18581
9370
18582
9369
18583
9368
18584
9367
18585
9366
18586
9365
18587
9364
18588
9363
18589
9362
18590
9361
18591
9360
18592
9359
18593
9358
18594
9357
18595
9356
18596
9355
18597
9354
18598
9353
18599
9352
18600
9351
18601
9350
18602
9349
18603
9348
18604
9347
18605
9346
18606
9345
18607
9344
18608
9343
18609
9342
18610
9341
18611
9340
18612
9339
18613
9338
18614
9337
18615
9336
18616
9335
18617
9334
18618
9333
18619
9332
18620
9331
18621
9330
18622
9329
18623
9328
18624
9327
18625
9326
18626
9325
18627
9324
18628
9323
18629
9322
18630
9321
18631
9320
18632
9319
18633
9318
18634
9317
18635
9316
18636
9315
18637
9314
18638
9313
18639
9312
18640
9311
18641
9310
18642
9309
18643
9308
18644
9307
18645
9306
18646
9305
18647
9304
18648
9303
18649
9302
18650
9301
18651
9300
18652
9299
18653
9298
18654
9297
18655
9296
18656
9295
18657
9294
18658
9293
18659
9292
18660
9291
18661
9290
18662
9289
18663
9288
18664
9287
18665
9286
18666
9285
18667
9284
18668
9283
18669
9282
18670
9281
18671
9280
18672
9279
18673
9278
18674
9277
18675
9276
18676
9275
18677
9274
18678
9273
18679
9272
18680
9271
18681
9270
18682
9269
18683
9268
18684
9267
18685
9266
18686
9265
18687
9264
18688
9263
18689
9262
18690
9261
18691
9260
18692
9259
18693
9258
18694
9257
18695
9256
18696
9255
18697
9254
18698
9253
18699
9252
18700
9251
18701
9250
18702
9249
18703
9248
18704
9247
18705
9246
18706
9245
18707
9244
18708
9243
18709
9242
18710
9241
18711
9240
18712
9239
18713
9238
18714
9237
18715
9236
18716
9235
18717
9234
18718
9233
18719
9232
18720
9231
18721
9230
18722
9229
18723
9228
18724
9227
18725
9226
18726
9225
18727
9224
18728
9223
18729
9222
18730
9221
18731
9220
18732
9219
18733
9218
18734
9217
18735
9216
18736
9215
18737
9214
18738
9213
18739
9212
18740
9211
18741
9210
18742
9209
18743
9208
18744
9207
18745
9206
18746
9205
18747
9204
18748
9203
18749
9202
18750
9201
18751
9200
18752
9199
18753
9198
18754
28311
37869
28310
37870
28309
37871
28308
37872
28307
37873
28306
37874
28305
37875
28304
37876
28303
37877
28302
37878
28301
37879
28300
37880
28299
37881
28298
37882
28297
37883
28296
37884
28295
37885
28294
37886
28293
37887
28292
37888
28291
37889
28290
37890
28289
37891
28288
37892
28287
37893
28286
37894
28285
37895
28284
37896
28283
37897
28282
37898
28281
37899
28280
37900
28279
37901
28278
37902
28277
37903
28276
37904
28275
37905
28274
37906
28273
37907
28272
37908
28271
37909
28270
37910
28269
37911
28268
37912
28267
37913
28266
37914
28265
37915
28264
37916
28263
37917
28262
37918
28261
37919
28260
37920
28259
37921
28258
37922
28257
37923
28256
37924
28255
37925
28254
37926
28253
37927
28252
37928
28251
37929
28250
37930
28249
37931
28248
37932
28247
37933
28246
37934
28245
37935
28244
37936
28243
37937
28242
37938
28241
37939
28240
37940
28239
37941
28238
37942
28237
37943
28236
37944
28235
37945
28234
37946
28233
37947
28232
18516
8799
18517
8798
18518
8797
18519
8796
18520
8795
18521
8794
18522
8793
18523
8792
18524
8791
18525
8790
18526
8789
18527
8788
18528
8787
18529
8786
18530
8785
18531
8784
18532
8783
18533
8782
18534
8781
18535
8780
18536
8779
18537
8778
18538
8777
18539
8776
18540
8775
18541
8774
18542
8773
18543
8772
18544
8771
18545
8770
18546
8769
18547
8768
18548
8767
18549
8766
18550
8765
18551
8764
18552
8763
18553
8762
18554
8761
18555
8760
18556
8759
18557
8758
18558
8757
18559
8756
18560
8755
18561
8754
18562
8753
18563
8752
18564
8751
18565
8750
18566
8749
18567
8748
18568
8747
18569
8746
18570
8745
18571
8744
18572
8743
18573
8742
18574
8741
18575
8740
18576
8739
18577
8738
18578
8737
18579
8736
18580
8735
18581
8734
18582
8733
18583
8732
18584
8731
18585
8730
18586
8729
18587
8728
18588
8727
18589
8726
18590
8725
18591
8724
18592
8723
18593
8722
18594
8721
18595
8720
18596
8719
18597
8718
18598
8717
18599
8716
18600
8715
18601
8714
18602
8713
18603
8712
18604
8711
18605
8710
18606
8709
18607
8708
18608
8707
18609
8706
18610
8705
18611
8704
18612
8703
18613
8702
18614
8701
18615
8700
18616
8699
18617
8698
18618
8697
18619
8696
18620
8695
18621
8694
18622
8693
18623
8692
18624
8691
18625
8690
18626
8689
18627
8688
18628
8687
18629
8686
18630
8685
18631
8684
18632
8683
18633
8682
18634
8681
18635
8680
18636
8679
18637
8678
18638
8677
18639
8676
18640
8675
18641
8674
18642
8673
18643
8672
18644
8671
18645
8670
18646
8669
18647
8668
18648
8667
18649
8666
18650
8665
18651
8664
18652
8663
18653
8662
18654
8661
18655
8660
18656
8659
18657
8658
18658
